6
5
6
9
19
4
4
4
2
30
7
1
20
24
80
1
9
1
2
14
4
4
1
22
8
4
4
2
7
10
28
8
5
4
4
4
16
1
15
7
20
3
6
11
43
3
8
16
8
15
20
2
6
9
3
4
2
7
6
22
3
7
2
12
5
5
11
1
3
11
38
3
10
1
14
2
2
1
2
3
2
2
9
19
4
2
23
2
10
4
18
5
21
15
7
2
1
7
7
12
3
5
1
14
27
6
26
10
9
16
11
11
8
18
25
12
8
4
2
6
8
2
24
7
35
6
2
5
4
1
26
2
3
24
20
8
5
1
3
4
5
8
1
18
1
36
29
11
25
1
4
12
6
11
13
2
15
1
2
12
4
5
5
2
3
3
44
1
22
30
27
7
2
3
2
1
15
14
9
11
18
13
9
3
30
11
22
3
2
2
2
4
4
17
4
30
9
2
28
19
12
8
13
14
2
5
2
15
7
1
6
2
4
1
6
6
4
10
8
8
2
3
6
10
15
3
1
5
4
3
1
12
35
4
10
7
46
9
1
9
13
4
22
1
1
8
1
3
2
4
19
2
12
3
7
18
4
4
6
9
6
3
10
19
3
1
16
3
4
5
4
8
6
6
14
9
39
18
23
1
19
10
5
5
14
5
5
9
6
12
1
5
10
21
1
1
11
9
8
16
1
17
2
6
5
10
20
5
18
9
6
1
12
8
5
1
4
1
7
18
8
18
5
18
2
5
10
5
5
5
14
5
3
17
3
7
4
5
4
12
7
14
8
2
10
11
25
10
7
5
21
35
19
7
3
8
3
4
4
1
24
3
40
29
13
5
3
6
7
12
3
5
10
3
5
1
5
12
11
5
6
10
22
6
6
4
6
1
3
16
3
10
6
19
6
1
19
10
18
5
1
16
25
47
12
3
20
5
1
3
13
4
16
3
8
1
9
1
9
6
5
6
3
10
15
7
1
7
12
1
9
8
4
13
6
8
6
1
11
6
13
9
10
11
2
13
22
17
5
46
9
10
6
2
2
9
12
31
5
14
12
4
19
22
7
1
4
6
16
16
27
37
27
7
3
10
5
2
10
90
3
9
21
19
8
17
18
10
16
1
7
3
15
3
21
34
5
9
12
22
24
3
4
7
23
1
8
21
1
12
18
18
16
2
6
8
2
21
3
3
5
7
14
8
1
6
24
8
13
2
7
11
8
4
3
3
1
5
9
2
10
12
4
1
2
15
16
23
1
5
12
2
5
44
24
3
1
5
23
19
3
14
1
19
10
4
4
7
5
3
3
4
15
1
1
1
3
3
27
30
4
1
10
3
13
8
7
1
12
5
6
15
30
7
17
11
11
25
3
19
55
13
6
14
8
7
4
18
10
1
2
4
24
9
53
1
6
2
9
6
16
34
22
10
2
5
11
33
4
9
1
4
4
7
12
15
8
6
9
10
9
17
7
2
10
2
38
6
19
18
5
14
2
6
11
21
14
17
5
11
23
7
3
6
42
28
6
5
4
4
5
11
7
2
4
14
6
5
3
10
16
1
10
15
7
38
13
2
47
8
4
9
16
38
23
9
19
12
6
11
8
6
13
2
2
5
4
3
13
2
4
22
1
19
3
10
2
8
21
10
2
37
15
3
11
3
11
12
5
5
5
2
19
18
14
5
1
19
4
16
4
22
15
7
4
10
26
4
4
4
30
7
2
20
1
8
2
1
15
12
1
1
4
4
16
7
3
10
24
1
5
9
6
3
1
3
2
11
7
2
19
13
5
2
5
3
59
12
10
32
9
6
11
3
17
31
2
6
12
1
25
19
5
10
9
22
15
6
11
1
1
11
18
10
5
1
14
4
15
5
1
5
5
10
2
4
5
12
18
8
6
3
11
15
10
9
1
8
24
31
25
7
6
1
10
8
4
2
2
19
3
15
4
5
34
9
1
2
5
2
21
4
16
4
8
3
1
11
7
4
8
22
7
5
1
2
7
2
2
6
23
7
26
10
1
5
17
17
1
2
8
7
10
2
2
5
4
38
3
4
20
13
7
12
1
5
13
18
10
2
22
1
3
8
9
20
4
7
16
6
13
22
16
16
4
6
6
24
15
14
1
36
16
42
32
1
13
7
10
4
17
21
6
8
17
5
26
13
2
2
2
11
1
1
16
32
36
5
20
1
15
6
9
12
8
6
3
12
1
6
1
1
2
4
2
13
6
1
4
6
5
3
10
1
10
13
38
7
4
3
8
10
1
1
1
1
21
19
1
9
37
9
8
1
29
17
12
2
1
2
8
3
12
4
17
11
6
7
9
11
11
2
4
9
7
4
10
5
2
7
13
4
6
3
11
10
1
7
8
9
2
16
8
3
3
3
30
23
16
6
16
10
8
18
4
1
2
13
19
3
1
8
7
40
3
20
4
13
2
6
5
24
7
9
8
18
4
3
4
8
9
8
6
27
16
8
3
16
12
22
12
27
7
7
15
1
10
36
5
9
8
8
2
4
17
2
8
5
7
7
11
1
8
3
9
13
3
7
29
14
1
22
2
20
2
11
4
12
11
6
21
4
3
20
21
4
16
8
15
4
1
1
6
17
1
4
4
29
2
1
29
15
1
4
8
9
4
30
11
3
7
1
23
10
6
2
3
14
13
5
7
1
14
24
9
5
11
2
12
6
5
9
8
13
15
3
11
5
9
2
31
6
3
8
5
5
3
6
8
26
19
12
13
12
30
16
20
12
2
3
20
11
8
4
4
8
35
11
2
1
3
2
1
13
9
9
23
5
2
4
5
11
15
2
3
2
33
2
2
20
13
11
2
1
4
15
2
1
5
12
18
11
20
27
13
1
9
16
3
4
4
10
27
8
6
17
1
4
19
3
6
5
13
23
18
13
7
25
1
24
1
17
9
1
10
7
7
6
1
4
8
9
7
6
9
15
9
7
1
7
7
1
8
4
5
34
9
1
14
8
13
7
8
2
18
4
13
22
6
10
1
15
4
5
16
10
6
20
2
8
15
26
3
14
29
4
27
15
5
1
27
14
3
12
5
3
18
4
1
2
1
3
24
15
30
4
7
7
5
2
4
6
2
1
3
2
5
4
5
4
2
14
32
2
45
3
4
1
4
1
10
11
34
22
33
20
20
16
26
19
15
2
5
4
27
17
22
39
10
9
8
1
2
14
7
15
23
2
11
7
11
6
17
4
3
2
8
8
25
1
13
5
13
28
15
6
1
38
1
25
1
16
18
6
5
3
12
7
2
7
1
12
11
27
1
1
7
12
3
8
12
5
31
17
12
12
1
1
4
37
7
6
5
28
9
25
1
1
1
1
1
11
8
2
4
1
8
8
5
4
7
41
6
2
5
7
18
20
4
9
20
5
6
10
15
10
2
7
12
5
5
5
3
12
9
2
22
7
8
3
12
29
7
1
28
30
2
2
1
4
1
8
10
15
3
16
11
13
23
12
16
12
3
1
29
14
2
20
5
1
15
5
24
2
10
1
7
19
2
17
5
18
14
50
4
4
7
2
7
1
8
2
31
18
4
8
3
22
28
11
24
20
16
16
34
9
6
16
2
3
14
26
3
2
11
5
1
16
1
3
14
5
18
7
6
8
7
5
9
11
1
18
1
29
17
37
13
5
13
2
14
8
17
15
2
3
19
7
3
2
2
22
3
22
3
17
39
6
37
16
3
6
18
6
13
18
28
5
1
14
9
7
6
1
9
15
13
13
3
15
11
10
5
3
2
9
7
4
7
37
6
2
14
2
12
3
16
7
21
2
11
25
5
8
2
14
44
6
1
3
2
19
15
1
11
3
9
1
7
9
7
4
14
3
1
8
5
7
22
6
12
1
13
20
7
12
7
1
3
14
4
14
52
24
12
17
6
1
26
1
18
13
24
16
1
8
2
1
28
13
10
6
10
22
5
11
8
20
1
23
6
6
1
36
20
6
4
6
5
1
17
15
6
6
13
39
3
24
1
6
5
16
10
8
4
18
6
2
3
2
2
6
6
8
20
2
7
10
45
22
2
6
5
2
2
3
1
11
1
6
1
6
4
1
9
1
8
22
1
4
37
6
8
1
15
44
7
12
12
5
14
6
12
7
3
10
1
3
1
2
9
14
9
15
8
4
4
12
8
13
1
11
25
2
8
2
2
8
1
6
6
1
1
6
6
14
10
17
7
13
1
18
7
8
5
6
2
17
1
7
8
8
11
3
31
9
1
7
1
15
1
6
2
27
6
3
8
3
9
1
3
3
30
3
2
7
1
11
4
3
3
7
3
19
3
37
6
3
19
1
3
21
1
6
14
3
2
14
10
6
6
6
2
9
16
11
8
20
6
31
32
2
4
3
8
2
18
24
6
3
29
3
4
11
5
10
15
5
14
10
5
7
13
5
10
8
18
3
5
15
1
7
4
5
4
6
25
4
17
36
3
7
14
4
28
2
2
3
3
15
26
12
4
6
10
4
24
4
9
19
19
14
3
11
21
1
6
4
2
4
19
11
32
1
6
42
21
1
3
12
